1    1    1.000000
17    14.584917436219982    1.000000
27    24.24394544387801    1.000000
52    44.78355039643495    1.000000
64    55.32684199521614    1.000000
75    64.62022415395782    1.000000
96    84.68976564096975    1.000000
104    94.57635452029758    1.000000
124    110.17645901947094    1.000000
134    117.38490057977998    1.000000
147    132.11687710531106    1.000000
153    136.6896600561475    1.000000
160    143.54978338546886    1.000000
171    154.874043371599    1.000000
177    161.01613624459495    1.000000
184    166.92136364413122    1.000000
193    173.17831151035554    1.000000
207    183.29619121031467    1.000000
222    196.25947170164656    1.000000
245    223.06714396438548    1.000000
255    233.00580578530258    1.000000
269    251.9873845406681    1.000000
279    261.7915807919904    1.000000
308    293.7914339904328    1.000000
317    300.8970039656569    1.000000
325    309.63944237159336    1.000000
342    325.9255305188218    1.000000
348    331.62582247087676    1.000000
358    343.0395364596759    1.000000
371    356.77556796298273    1.000000
379    363.6648599045838    1.000000
399    379.4270894561    1.000000
405    386.2214698274286    1.000000
431    413.066525102438    1.000000
444    426.65803521522406    1.000000
460    443.64298820444054    1.000000
467    448.47332587649043    1.000000
482    462.02279283043544    1.000000
500    479.85763731584734    1.000000
509    489.34215183659643    1.000000
518    499.1466492359495    1.000000
527    505.4421683683119    1.000000
542    522.3718543686678    1.000000
562    539.1323388102793    1.000000
570    546.1615275246885    1.000000
586    563.8940258187208    1.000000
598    574.0408673860165    1.000000
616    593.7148337912345    1.000000
621    598.8080855250595    1.000000
639    618.9989434286448    1.000000
657    641.9221138339091    1.000000
669    653.1052726986023    1.000000
690    673.0618915097274    1.000000
704    686.2075082425929    1.000000
714    696.3479050762165    1.000000
732    715.965954490641    1.000000
741    724.7979439695356    1.000000
763    741.7883882091495    1.000000
775    751.6394640497747    1.000000
786    762.3126480067108    1.000000
797    770.8671880855771    1.000000
809    780.4496349301057    1.000000
819    790.9890705744982    1.000000
829    803.0074692909334    1.000000
839    814.3850535500288    1.000000
852    827.3752714695371    1.000000
874    848.1488400496702    1.000000
886    861.5556376526215    1.000000
894    868.9611231239096    1.000000
912    886.6603937331029    1.000000
918    892.3564655161507    1.000000
938    917.2836445440704    1.000000
954    930.7735595281491    1.000000
969    942.1650774978542    1.000000
977    950.5980073783373    1.000000
986    959.8173146111072    1.000000
992    966.1473552896073    1.000000
997    970.0600502023987    1.000000
1015    984.6834132021837    1.000000
1020    990.300918195886    1.000000
1032    1001.1911211879021    1.000000
1040    1010.1729992500677    1.000000
1056    1025.375879026912    1.000000
1065    1037.9411835749524    1.000000
1078    1053.1159062299457    1.000000
1099    1074.6796993788573    1.000000
1116    1093.3240797510314    1.000000
1127    1104.3629728499934    1.000000
1146    1125.4651528090096    1.000000
1156    1135.2073693781354    1.000000
1190    1166.4977768109293    1.000000
1202    1175.632043959021    1.000000
1214    1184.9076069430369    1.000000
1233    1204.0136281063426    1.000000
1240    1210.6485977553082    1.000000
1252    1223.153403382663    1.000000
1267    1241.5018103318057    1.000000
1280    1254.2732433622598    1.000000
1293    1265.4122438325319    1.000000
1303    1277.2325033462353    1.000000
1317    1285.5314334069612    1.000000
1330    1296.7272168023044    1.000000
1343    1310.9890791363944    1.000000
1354    1320.6140476789924    1.000000
1364    1329.5999178468398    1.000000
1368    1332.8120335246829    1.000000
1379    1345.5337342031132    1.000000
1388    1355.2494413940449    1.000000
1407    1378.9042278073334    1.000000
1425    1397.7632726262857    1.000000
1434    1406.2342958545044    1.000000
1462    1430.785996922008    1.000000
1473    1440.8172355234842    1.000000
1488    1456.85062377617    1.000000
1496    1467.343153105866    1.000000
1507    1479.6636139899497    1.000000
1515    1486.253983179995    1.000000
1531    1503.9572237808811    1.000000
1543    1517.6484948747393    1.000000
1552    1526.5339637617667    1.000000
1569    1543.024256682922    1.000000
1576    1551.385521776836    1.000000
1596    1570.3406423328415    1.000000
1613    1587.2265295529335    1.000000
1620    1593.5805764369445    1.000000
1629    1601.6771955698528    1.000000
1640    1612.2524112088452    1.000000
1651    1621.1236541909839    1.000000
1655    1624.8514910787756    1.000000
1663    1630.8281516219827    1.000000
1671    1639.6152335400893    1.000000
1682    1649.1026491642895    1.000000
1695    1662.8219655152602    1.000000
1725    1692.4790818969161    1.000000
1733    1702.9298215709707    1.000000
1740    1708.7444726669046    1.000000
1769    1740.8429810292303    1.000000
1779    1748.6512032299954    1.000000
1792    1761.9003803042333    1.000000
1803    1770.1976724162241    1.000000
1818    1785.2876839266664    1.000000
1829    1798.3001418295685    1.000000
1849    1820.5029636560248    1.000000
1868    1839.5829267330755    1.000000
1886    1857.3752130627254    1.000000
1897    1869.026174149087    1.000000
1922    1891.7196412078335    1.000000
1950    1925.9743265003176    1.000000
1965    1936.6277302943656    1.000000
1977    1949.7510969206785    1.000000
1989    1962.821837605798    1.000000
1997    1969.6421098636788    1.000000
2004    1976.1005246723016    1.000000
2024    1998.593629378257    1.000000
2041    2018.152475183538    1.000000
2050    2031.2409984068142    1.000000
2061    2040.0066055903171    1.000000
2088    2064.2969034409    1.000000
2099    2076.2226757834737    1.000000
2108    2087.882374274128    1.000000
2113    2093.1220111260704    1.000000
2126    2107.2118610912485    1.000000
2144    2121.688168107702    1.000000
2151    2128.3280700064997    1.000000
2178    2155.7043695489897    1.000000
2188    2167.175337634512    1.000000
2196    2173.0719806192956    1.000000
2210    2186.92619952365    1.000000
2222    2200.0379590754314    1.000000
2233    2213.8260349725074    1.000000
2255    2228.2083777120915    1.000000
2270    2244.0560134541724    1.000000
2277    2252.4900489684164    1.000000
2285    2257.2767298325057    1.000000
2292    2264.5572728233137    1.000000
2306    2280.7889108867666    1.000000
2318    2294.9535949253614    1.000000
2347    2323.5826209701827    1.000000
2360    2338.8297242058043    1.000000
2374    2354.014935782764    1.000000
2397    2376.4098810166033    1.000000
2409    2389.8846910953457    1.000000
2423    2403.556434509975    1.000000
2437    2415.9474868987577    1.000000
2447    2426.635831059752    1.000000
2458    2437.2622142073837    1.000000
2464    2443.7537837860696    1.000000
2471    2452.9618090613294    1.000000
2479    2461.622461523919    1.000000
2491    2472.470128829537    1.000000
2518    2497.469300377677    1.000000
2542    2522.367808488339    1.000000
2554    2536.9442720724915    1.000000
2561    2543.803205216488    1.000000
2595    2576.322969336385    1.000000
2606    2585.1694660210355    1.000000
2620    2598.6058936995455    1.000000
2627    2606.119000851011    1.000000
2639    2615.262477444637    1.000000
2650    2626.5100207628616    1.000000
2658    2637.1923043842594    1.000000
2672    2648.734975872339    1.000000
2685    2663.1974453831767    1.000000
2703    2680.85481797324    1.000000
2716    2693.2140629681758    1.000000
2729    2705.863393981236    1.000000
2749    2721.033375819761    1.000000
2762    2737.4184742864286    1.000000
2772    2747.630154753334    1.000000
2807    2785.380369036849    1.000000
2827    2804.2585454777295    1.000000
2846    2820.217766510696    1.000000
2858    2830.9994735221826    1.000000
2874    2847.1480254477424    1.000000
2881    2853.866582787173    1.000000
2889    2862.0811121279003    1.000000
2900    2873.932636695185    1.000000
2914    2886.6052297925457    1.000000
2923    2897.689839570735    1.000000
2934    2908.774454732007    1.000000
2949    2924.2748246207198    1.000000
2967    2939.0489362387543    1.000000
2982    2956.4100893613886    1.000000
2993    2967.935044801553    1.000000
3006    2980.53676760333    1.000000
3013    2989.433661261209    1.000000
3023    3001.0941653620393    1.000000
3037    3012.6377022458078    1.000000
3042    3016.806850964563    1.000000
3058    3034.093977558532    1.000000
3064    3040.55618155053    1.000000
3075    3054.410944532166    1.000000
3083    3061.32169339133    1.000000
3091    3068.9157996034164    1.000000
3103    3083.250819642257    1.000000
3114    3098.470307693697    1.000000
3124    3109.640711196559    1.000000
3139    3123.515602214276    1.000000
3154    3140.688335341104    1.000000
3165    3152.0020268951043    1.000000
3176    3163.601607574978    1.000000
3194    3182.817145284863    1.000000
3201    3188.2726471046767    1.000000
3206    3192.1480986991482    1.000000
3221    3206.581984049254    1.000000
3231    3215.406255926436    1.000000
3241    3226.4820243234512    1.000000
3254    3240.1399072742706    1.000000
3261    3247.3120006783456    1.000000
3278    3264.9563595024224    1.000000
3300    3285.517242918692    1.000000
3313    3295.7664385026005    1.000000
3322    3305.022876680224    1.000000
3332    3315.2352655882637    1.000000
3343    3325.8251925570307    1.000000
3350    3331.6257581639584    1.000000
3371    3358.093829324153    1.000000
3381    3369.5786171985364    1.000000
3392    3378.081388933466    1.000000
3401    3388.2273808789987    1.000000
3412    3396.854923941583    1.000000
3420    3405.7500380655924    1.000000
3437    3420.64657637615    1.000000
3447    3430.5991285296923    1.000000
3458    3439.8959417652704    1.000000
3473    3455.417513177431    1.000000
3488    3470.2193191395077    1.000000
3510    3495.9245852948156    1.000000
3518    3505.428252971002    1.000000
3539    3523.150596244019    1.000000
3548    3530.6954570583734    1.000000
3561    3543.778644323233    1.000000
3570    3552.6233524711893    1.000000
3592    3574.093007598045    1.000000
3601    3582.010090292328    1.000000
3619    3601.1821272283955    1.000000
3637    3617.607727834358    1.000000
3647    3628.040931083938    1.000000
3659    3637.0252671026537    1.000000
3672    3649.717312290281    1.000000
3680    3655.1353517783723    1.000000
3686    3660.5062395528676    1.000000
3693    3668.5394278468675    1.000000
3710    3685.312884914906    1.000000
3722    3695.4501027582032    1.000000
3738    3710.879092808146    1.000000
3758    3731.1165403541813    1.000000
3772    3746.440670072775    1.000000
3786    3761.1644554930626    1.000000
3803    3773.9566534205646    1.000000
3823    3793.2859127103725    1.000000
3829    3799.2307782229727    1.000000
3840    3812.1022928438674    1.000000
3868    3830.95709920385    1.000000
3874    3838.7063080250077    1.000000
3886    3847.7055710947643    1.000000
3898    3861.6530137334676    1.000000
3908    3873.9151479590405    1.000000
3920    3889.791012202183    1.000000
3926    3891.987289365282    1.000000
3931    3897.367579833935    1.000000
3946    3910.8966643147487    1.000000
3955    3920.0566280757735    1.000000
3962    3929.1020089037706    1.000000
3970    3935.5010522410166    1.000000
3979    3946.9489350178155    1.000000
3985    3953.0606553414805    1.000000
3999    3967.01236914369    1.000000
4009    3976.6259023761654    1.000000
4016    3982.9855842457496    1.000000
4047    4013.051629882184    1.000000
4058    4020.749497276238    1.000000
4072    4033.3762543690486    1.000000
4084    4044.5597060497003    1.000000
4093    4054.0051890971913    1.000000
4105    4066.052705770041    1.000000
4115    4074.7687007588734    1.000000
4125    4087.1985500080173    1.000000
4132    4095.271101626211    1.000000
4142    4102.338617760827    1.000000
4154    4115.77899701154    1.000000
4169    4128.1245158390075    1.000000
4181    4140.003383014623    1.000000
4195    4154.660439615413    1.000000
4203    4165.776012736225    1.000000
4211    4172.876373434659    1.000000
4220    4182.806255655476    1.000000
4234    4194.577142818725    1.000000
4241    4200.732731956284    1.000000
4248    4208.778971391116    1.000000
4265    4223.579293435079    1.000000
4277    4236.278884233164    1.000000
4286    4247.410620281135    1.000000
4295    4257.833447198137    1.000000
4310    4272.388313771699    1.000000
4332    4295.6193256444885    1.000000
4341    4304.183689103739    1.000000
4356    4317.783789945986    1.000000
4373    4330.279162952774    1.000000
4385    4342.681874676218    1.000000
4390    4349.110514508618    1.000000
4405    4362.315017743891    1.000000
4412    4370.523661358219    1.000000
4424    4381.417518116671    1.000000
4432    4390.739243088824    1.000000
4457    4416.488968742125    1.000000
4467    4427.447093798394    1.000000
4474    4436.743629201695    1.000000
4492    4454.592263186088    1.000000
4500    4462.584501515936    1.000000
4508    4468.668820026684    1.000000
4519    4479.755997310139    1.000000
4530    4487.7824481938915    1.000000
4536    4493.330264932271    1.000000
4552    4507.962475132812    1.000000
4561    4514.694535543292    1.000000
4572    4526.26730715154    1.000000
4588    4542.297652758526    1.000000
4598    4549.812346541538    1.000000
4606    4555.539354901014    1.000000
4621    4570.799500978856    1.000000
4641    4591.492611938759    1.000000
4655    4606.9070594669065    1.000000
4667    4615.785728838787    1.000000
4682    4631.572254120354    1.000000
4696    4645.29366482205    1.000000
4714    4664.566267755205    1.000000
4724    4675.86656831316    1.000000
4738    4692.138320177429    1.000000
4742    4695.558911425553    1.000000
4750    4704.3951176584615    1.000000
4775    4731.773450132057    1.000000
4783    4738.523331515602    1.000000
4805    4757.151068981523    1.000000
4814    4765.7394724272835    1.000000
4821    4776.044028583403    1.000000
4828    4783.878339724647    1.000000
4852    4803.2254117314    1.000000
4864    4815.229671787157    1.000000
4879    4825.937655419598    1.000000
4890    4836.66733671878    1.000000
4902    4844.809322454614    1.000000
4910    4853.969156821133    1.000000
4934    4879.382631449562    1.000000
4945    4890.397089209348    1.000000
4964    4909.583461591737    1.000000
4995    4939.572090073733    1.000000
5018    4963.66846921549    1.000000
5034    4977.1962515167725    1.000000
5040    4984.640710579585    1.000000
5058    5003.37690784767    1.000000
5090    5030.199339733687    1.000000
5099    5039.370280116602    1.000000
5112    5053.786594563474    1.000000
5124    5065.940719181085    1.000000
5130    5071.105703656297    1.000000
5141    5082.548723215926    1.000000
5163    5108.6410049428    1.000000
5171    5117.411966155631    1.000000
5187    5130.372289121627    1.000000
5199    5141.919279709402    1.000000
5217    5159.181201015119    1.000000
5236    5173.398047742705    1.000000
5255    5191.785374456089    1.000000
5273    5210.641688114655    1.000000
5298    5235.074411491345    1.000000
5309    5244.120037527293    1.000000
5323    5258.359378478014    1.000000
5329    5264.24210611613    1.000000
5337    5274.24780191506    1.000000
5354    5290.91201257066    1.000000
5370    5306.740657346372    1.000000
5387    5326.372040661539    1.000000
5398    5337.659059078685    1.000000
5404    5343.14837406182    1.000000
5410    5348.881286016878    1.000000
5414    5353.346344003726    1.000000
5424    5360.434279961687    1.000000
5444    5379.579618376857    1.000000
5455    5392.98070966927    1.000000
5464    5401.005017545666    1.000000
5479    5416.594075268847    1.000000
5491    5432.27293375548    1.000000
5499    5437.893630963463    1.000000
5515    5453.261419883705    1.000000
5530    5466.369574705796    1.000000
5545    5481.159701484097    1.000000
5562    5501.732637907042    1.000000
5584    5523.9698899570885    1.000000
5590    5529.926983707715    1.000000
5603    5540.284925246434    1.000000
5622    5560.404012723765    1.000000
5630    5566.981600855629    1.000000
5640    5578.0923008488435    1.000000
5651    5589.798123963231    1.000000
5663    5601.666211530062    1.000000
5677    5614.320278748143    1.000000
5697    5632.6787679508925    1.000000
5711    5650.3527789742975    1.000000
5718    5656.854314109364    1.000000
5729    5671.059865775495    1.000000
5747    5690.193572320996    1.000000
5760    5700.934696398989    1.000000
5767    5707.390705584985    1.000000
5777    5718.361158963804    1.000000
5790    5729.2490560874385    1.000000
5816    5757.694871322304    1.000000
5823    5765.6350052933185    1.000000
5831    5773.857132761876    1.000000
5850    5793.180792102326    1.000000
5862    5805.383023360285    1.000000
5879    5822.473733705985    1.000000
5889    5833.285137978373    1.000000
5900    5844.0763432783415    1.000000
5909    5854.672002220896    1.000000
5918    5862.018650111693    1.000000
5932    5878.422831254464    1.000000
5937    5882.371854282027    1.000000
5947    5890.39953567091    1.000000
5954    5897.991456302225    1.000000
5964    5906.774045363067    1.000000
5971    5912.882549900597    1.000000
5991    5931.376278339935    1.000000
6000    5939.741011368775    1.000000
6009    5948.947847453075    1.000000
6021    5961.094659780146    1.000000
6034    5974.6277982121    1.000000
6047    5986.186882555931    1.000000
6058    5998.733688575958    1.000000
6071    6014.094422379007    1.000000
6094    6041.723730801913    1.000000
6110    6059.188062392648    1.000000
6118    6067.282524891546    1.000000
6128    6076.466377669114    1.000000
6140    6085.928402100188    1.000000
6152    6094.5424486818765    1.000000
6159    6101.668478884482    1.000000
6171    6113.217615310337    1.000000
6196    6142.935288362342    1.000000
6214    6163.502897541009    1.000000
6223    6169.23381477294    1.000000
6235    6180.825356221133    1.000000
6249    6196.634810737937    1.000000
6263    6214.598349605313    1.000000
6271    6222.8911313135095    1.000000
6300    6248.614817170143    1.000000
6320    6272.327330260169    1.000000
6331    6279.864353200304    1.000000
6336    6282.948754845407    1.000000
6353    6296.222824647032    1.000000
6362    6306.682819043933    1.000000
6370    6312.722869180741    1.000000
6391    6332.8498772993025    1.000000
6398    6341.7428210502085    1.000000
6410    6351.158090592209    1.000000
6420    6359.064595296827    1.000000
6428    6367.538133673336    1.000000
6442    6382.0607281910725    1.000000
6450    6390.615512349463    1.000000
6455    6396.464838628638    1.000000
6479    6418.059541145959    1.000000
6501    6438.159547501562    1.000000
6525    6461.399056369563    1.000000
6542    6475.054760446198    1.000000
6558    6491.155175616259    1.000000
6569    6503.72402811786    1.000000
6585    6516.941934390868    1.000000
6594    6525.638189397485    1.000000
6602    6533.38315550306    1.000000
6613    6543.856982689538    1.000000
6624    6554.075380175739    1.000000
6646    6571.7112330677555    1.000000
6661    6587.185560794952    1.000000
6674    6600.4799609894535    1.000000
6685    6610.265641758004    1.000000
6691    6617.105486342997    1.000000
6698    6621.747875312996    1.000000
6716    6636.253055332363    1.000000
6728    6651.411047649787    1.000000
6734    6658.82960696224    1.000000
6752    6676.294511089703    1.000000
6760    6684.389457778262    1.000000
6765    6689.205075213171    1.000000
6769    6693.521188690207    1.000000
6776    6701.419259815041    1.000000
6785    6709.642835544449    1.000000
6805    6733.683455575373    1.000000
6824    6756.24486512464    1.000000
6828    6760.573305424792    1.000000
6843    6777.457269403819    1.000000
6874    6803.237490603945    1.000000
6895    6824.508333147528    1.000000
6906    6833.936912556083    1.000000
6922    6849.538827332315    1.000000
6934    6856.748746647111    1.000000
6952    6874.182959056932    1.000000
6967    6890.656768140917    1.000000
6974    6895.264617228871    1.000000
7008    6934.117889481893    1.000000
7027    6952.7909242916585    1.000000
7035    6961.196133364093    1.000000
7065    6988.155947498052    1.000000
7075    6996.051369352474    1.000000
7084    7005.034170313353    1.000000
7097    7017.0013116063255    1.000000
7115    7032.19631194608    1.000000
7139    7057.892812792609    1.000000
7148    7066.986890050048    1.000000
7157    7076.634556700092    1.000000
7171    7091.1110195484935    1.000000
7182    7103.463145095192    1.000000
7198    7117.012379560471    1.000000
7207    7126.565659944792    1.000000
7226    7149.793291414113    1.000000
7238    7162.408379012098    1.000000
7259    7180.139041311356    1.000000
7267    7185.597512573757    1.000000
7273    7193.7481040764005    1.000000
7283    7203.523911914087    1.000000
7293    7214.008570446572    1.000000
7299    7220.2568469373955    1.000000
7320    7241.645955535631    1.000000
7340    7263.603030437254    1.000000
7356    7279.342313428736    1.000000
7371    7289.970055391864    1.000000
7380    7296.1020521057135    1.000000
7384    7300.439070238557    1.000000
7396    7314.544808783908    1.000000
7423    7345.499690712637    1.000000
7435    7361.1249293651    1.000000
7439    7366.430863110298    1.000000
7450    7376.373888564819    1.000000
7474    7395.092327341003    1.000000
7485    7405.994827001304    1.000000
7492    7411.310817499362    1.000000
7501    7421.689204731422    1.000000
7513    7433.7803174825185    1.000000
7528    7449.533989847885    1.000000
7556    7475.552317439005    1.000000
7565    7488.190347593925    1.000000
7573    7494.008694637518    1.000000
7585    7505.895082204442    1.000000
7594    7512.950453100811    1.000000
7599    7517.499207908371    1.000000
7605    7522.983473614215    1.000000
7611    7530.078622923785    1.000000
7630    7548.108735153601    1.000000
7638    7554.58027028557    1.000000
7669    7587.01904939509    1.000000
7688    7602.512481455462    1.000000
7693    7607.217072742898    1.000000
7708    7624.036615791009    1.000000
7718    7632.489943840125    1.000000
7731    7648.198023581449    1.000000
7740    7656.991655922893    1.000000
7755    7676.296745996227    1.000000
7767    7688.475460161845    1.000000
7784    7706.906821515016    1.000000
7812    7735.351705705074    1.000000
7823    7747.643358351189    1.000000
7839    7757.4639767306135    1.000000
7861    7782.273331125293    1.000000
7871    7791.089363755248    1.000000
7883    7802.536191513459    1.000000
7894    7813.799789879354    1.000000
7905    7824.53646132322    1.000000
7933    7849.8250140885275    1.000000
7949    7866.859560758104    1.000000
7987    7904.970893159813    1.000000
7998    7913.724773519206    1.000000
8013    7925.937702774786    1.000000
8025    7936.71976085826    1.000000
8035    7949.118764011568    1.000000
8053    7963.7158223947035    1.000000
8066    7978.615449889908    1.000000
8078    7989.112671379896    1.000000
8084    7995.2889827157605    1.000000
8095    8003.575380285414    1.000000
8103    8012.0804905378345    1.000000
8132    8042.65592726412    1.000000
8148    8056.1199675395455    1.000000
8157    8063.888755981208    1.000000
8170    8075.5292516498475    1.000000
8181    8085.539720259545    1.000000
8203    8108.406673976242    1.000000
8226    8127.754664632457    1.000000
8237    8136.706363795265    1.000000
8245    8144.156929385923    1.000000
8253    8152.112448153138    1.000000
8266    8165.690237569159    1.000000
8273    8172.876123024745    1.000000
8286    8187.701906663853    1.000000
8298    8199.199396597209    1.000000
8314    8214.078717785032    1.000000
8332    8230.92161011005    1.000000
8337    8235.428840960052    1.000000
8362    8258.553831453539    1.000000
8390    8290.630830808057    1.000000
8417    8321.063901576914    1.000000
8451    8351.435941958342    1.000000
8463    8362.716277287413    1.000000
8485    8385.205542047193    1.000000
8498    8400.22652473808    1.000000
8521    8416.345880884324    1.000000
8543    8440.216713479771    1.000000
8558    8455.423799793414    1.000000
8570    8468.624482263764    1.000000
8581    8476.819379451008    1.000000
8589    8484.729892754385    1.000000
8604    8497.33419434748    1.000000
8614    8504.69512632507    1.000000
8631    8526.828296639927    1.000000
8639    8533.334756433864    1.000000
8649    8544.6925945274    1.000000
8659    8555.514479668429    1.000000
8672    8565.42214835534    1.000000
8686    8581.327152395988    1.000000
8697    8591.196818778344    1.000000
8707    8599.976402616168    1.000000
8720    8611.418287576504    1.000000
8740    8632.06676374505    1.000000
8748    8641.116959088236    1.000000
8763    8655.714087025453    1.000000
8776    8666.337655274334    1.000000
8789    8682.2255325323    1.000000
8800    8692.78465227292    1.000000
8809    8701.905623359055    1.000000
8819    8711.369022761079    1.000000
8826    8717.80467912008    1.000000
8831    8723.949706384945    1.000000
8838    8728.884330411956    1.000000
8846    8735.020066506062    1.000000
8855    8745.117056767953    1.000000
8869    8762.1129741342    1.000000
8880    8771.381873294313    1.000000
8899    8791.9294118309    1.000000
8908    8800.453264404072    1.000000
8917    8810.246200245245    1.000000
8928    8821.692450907272    1.000000
8940    8833.977752747405    1.000000
8949    8840.062316896127    1.000000
8963    8852.703217421982    1.000000
8983    8874.774053242718    1.000000
8990    8879.066816401819    1.000000
9000    8888.713491609737    1.000000
9009    8896.867820613863    1.000000
9036    8923.734164056123    1.000000
9051    8940.280326061342    1.000000
9072    8956.682717224852    1.000000
9088    8967.058296714902    1.000000
9109    8990.321060638975    1.000000
9120    9002.556358127078    1.000000
9148    9031.629111305872    1.000000
9163    9043.8356845246    1.000000
9173    9054.262629858884    1.000000
9182    9063.212935433827    1.000000
9203    9083.285569847349    1.000000
9214    9095.541047369228    1.000000
9225    9105.38200059434    1.000000
9238    9119.971624952714    1.000000
9247    9129.988566815788    1.000000
9263    9143.419719124982    1.000000
9271    9152.132118890191    1.000000
9284    9165.49324735311    1.000000
9294    9174.32911553914    1.000000
9306    9188.003398908662    1.000000
9321    9200.519493730393    1.000000
9331    9206.827660558594    1.000000
9337    9213.344533199957    1.000000
9357    9228.782031431369    1.000000
9363    9234.229497322754    1.000000
9371    9240.04677973302    1.000000
9401    9264.24708011589    1.000000
9405    9268.577987749932    1.000000
9415    9277.12778016842    1.000000
9420    9282.161263711761    1.000000
9433    9294.057654062735    1.000000
9447    9310.809722966924    1.000000
9458    9319.318585620354    1.000000
9470    9333.191315818593    1.000000
9496    9357.714351861938    1.000000
9519    9383.91246267058    1.000000
9527    9392.761705323284    1.000000
9540    9409.407492323162    1.000000
9558    9427.934258419747    1.000000
9577    9449.891713382238    1.000000
9588    9461.440252896631    1.000000
9595    9469.586055885036    1.000000
9611    9479.451557162332    1.000000
9619    9488.258970042836    1.000000
9629    9498.881698962883    1.000000
9648    9517.909003128707    1.000000
9654    9522.895011330376    1.000000
9672    9544.00893191129    1.000000
9682    9554.958261654874    1.000000
9700    9572.777309520241    1.000000
9711    9586.249485348639    1.000000
9718    9594.308568110957    1.000000
9734    9610.437288314239    1.000000
9753    9636.291909773343    1.000000
9767    9649.935690550632    1.000000
9780    9660.558941810314    1.000000
9786    9667.546066582228    1.000000
9803    9680.82858132744    1.000000
9817    9694.152744638395    1.000000
9824    9703.653950403892    1.000000
9832    9710.72728531871    1.000000
9849    9725.245570204923    1.000000
9862    9737.200719857632    1.000000
9870    9743.341367133438    1.000000
9880    9754.007519217557    1.000000
9888    9761.209199477476    1.000000
9906    9777.882525908217    1.000000
9924    9801.635565766142    1.000000
9946    9824.94365856008    1.000000
9957    9837.019966021418    1.000000
9967    9848.93300349395    1.000000
9975    9856.302274269357    1.000000
9990    9870.809839981006    1.000000
