1    0.009999998333333418    0.050000
7    0.06999942833473391    0.050000
13    0.1299963383642743    0.050000
19    0.18998856853967314    0.050000
25    0.2499739591471233    0.050000
31    0.30995035071904137    0.050000
37    0.3699155841118081    0.050000
43    0.4298675005834976    0.050000
49    0.4898039418715918    0.050000
55    0.5497227502706774    0.050000
61    0.6096217687101231    0.050000
67    0.6694988408317346    0.050000
73    0.7293518110673817    0.050000
79    0.7891785247166002    0.050000
85    0.8489768280241602    0.050000
91    0.9087445682576007    0.050000
97    0.9684795937847283    0.050000
103    1.0281797541510753    0.050000
109    1.087842900157316    0.050000
115    1.1474668839366382    0.050000
121    1.2070495590320647    0.050000
127    1.2665887804737275    0.050000
133    1.3260824048560844    0.050000
139    1.3855282904150834    0.050000
145    1.444924297105264    0.050000
151    1.504268286676801    0.050000
157    1.5635581227524782    0.050000
163    1.6227916709046002    0.050000
169    1.681966798731831    0.050000
175    1.7410813759359594    0.050000
181    1.800133274398591    0.050000
187    1.8591203682577584    0.050000
193    1.9180405339844533    0.050000
199    1.9768916504590728    0.050000
205    2.0356715990477796    0.050000
211    2.0943782636787733    0.050000
217    2.153009530918467    0.050000
223    2.2115632900475726    0.050000
229    2.2700374331370847    0.050000
235    2.328429855124168    0.050000
241    2.3867384538879364    0.050000
247    2.4449611303251326    0.050000
253    2.503095788425693    0.050000
259    2.5611403353482034    0.050000
265    2.619092681495244    0.050000
271    2.6769507405886133    0.050000
277    2.7347124297444316    0.050000
283    2.7923756695481265    0.050000
289    2.849938384129295    0.050000
295    2.907398501236427    0.050000
301    2.964753952311514    0.050000
307    3.022002672564511    0.050000
313    3.079142601047671    0.050000
319    3.13617168072974    0.050000
325    3.1930878585700095    0.050000
331    3.2498890855922236    0.050000
337    3.3065733169583433    0.050000
343    3.363138512042162    0.050000
349    3.4195826345027664    0.050000
355    3.475903652357843    0.050000
361    3.5320995380568316    0.050000
367    3.5881682685539165    0.050000
373    3.644107825380855    0.050000
379    3.6999161947196435    0.050000
385    3.755591367475012    0.050000
391    3.811131339346755    0.050000
397    3.866534110901884    0.050000
403    3.9217976876466043    0.050000
409    3.9769200800981235    0.050000
415    4.0318993038562665    0.050000
421    4.086733379674914    0.050000
427    4.1414203335332616    0.050000
433    4.195958196706873    0.050000
439    4.250345005838568    0.050000
445    4.304578803009089    0.050000
451    4.358657635807594    0.050000
457    4.412579557401946    0.050000
463    4.466342626608789    0.050000
469    4.519944907963438    0.050000
475    4.573384471789555    0.050000
481    4.626659394268612    0.050000
487    4.679767757509154    0.050000
493    4.73270764961584    0.050000
499    4.78547716475827    0.050000
505    4.8380744032396015    0.050000
511    4.890497471564927    0.050000
517    4.9427444825094495    0.050000
523    4.994813555186418    0.050000
529    5.0467028151148385    0.050000
535    5.098410394286959    0.050000
541    5.149934431235511    0.050000
547    5.201273071100732    0.050000
553    5.252424465697129    0.050000
559    5.303386773580023    0.050000
565    5.354158160111832    0.050000
571    5.404736797528128    0.050000
577    5.455120865003423    0.050000
583    5.505308548716728    0.050000
590    5.563610229127837    0.050000
597    5.621639293750903    0.050000
604    5.6793928991733695    0.050000
611    5.736868215480126    0.050000
618    5.794062426392173    0.050000
625    5.8509727294046225    0.050000
632    5.907596335924009    0.050000
639    5.963930471404946    0.050000
646    6.019972375486065    0.050000
653    6.07571930212528    0.050000
660    6.131168519734338    0.050000
667    6.186317311312672    0.050000
674    6.241162974580529    0.050000
681    6.295702822111382    0.050000
688    6.349934181463615    0.050000
695    6.40385439531147    0.050000
702    6.457460821575256    0.050000
709    6.510750833550815    0.050000
716    6.563721820038219    0.050000
723    6.616371185469731    0.050000
730    6.66869635003698    0.050000
737    6.720694749817367    0.050000
744    6.772363836899711    0.050000
751    6.823701079509083    0.050000
758    6.874703962130864    0.050000
765    6.925369985634013    0.050000
772    6.975696667393514    0.050000
780    7.0327941920041015    0.050000
788    7.089441620186923    0.050000
796    7.14563532652591    0.050000
804    7.201371714643036    0.050000
812    7.25664721742849    0.050000
820    7.311458297268958    0.050000
828    7.36580144627404    0.050000
836    7.419673186500748    0.050000
844    7.473070070176098    0.050000
852    7.5259886799177576    0.050000
860    7.578425628952769    0.050000
868    7.630377561334291    0.050000
876    7.681841152156383    0.050000
884    7.732813107766801    0.050000
892    7.783290165977784    0.050000
901    7.839481278287302    0.050000
910    7.895037396899505    0.050000
919    7.949954021799157    0.050000
928    8.004226704769671    0.050000
937    8.057851049753396    0.050000
946    8.110822713207709    0.050000
955    8.163137404456833    0.050000
964    8.21479088603938    0.050000
973    8.265778974051583    0.050000
982    8.31609753848619    0.050000
992    8.371216855386974    0.050000
1002    8.425499057578213    0.050000
1012    8.478938716884917    0.050000
1022    8.531530489385691    0.050000
1032    8.583269115947115    0.050000
1042    8.634149422749642    0.050000
1052    8.684166321804994    0.050000
1063    8.73818170793918    0.050000
1074    8.791139784747973    0.050000
1085    8.84303414436869    0.050000
1096    8.893858507647135    0.050000
1108    8.94807571842672    0.050000
1120    9.00100442176505    0.050000
1132    9.052636996020306    0.050000
1144    9.10296600619102    0.050000
1157    9.1560096636968    0.050000
1170    9.207505977361356    0.050000
1184    9.261223108040562    0.050000
1198    9.313125068638659    0.050000
1212    9.363201686537526    0.050000
1227    9.414818490579654    0.050000
1243    9.467541308164673    0.050000
1259    9.517840486879757    0.050000
1276    9.568613383923267    0.050000
1294    9.619358580800805    0.050000
1313    9.66954152720986    0.050000
1334    9.720945104143725    0.050000
1357    9.77232486991805    0.050000
1383    9.824180336752969    0.050000
1412    9.874183352239436    0.050000
1448    9.924700002342039    0.050000
1500    9.974949866040545    0.050000
1694    9.9242002286681    0.050000
1730    9.873538397007165    0.050000
1759    9.823419028680474    0.050000
1785    9.771459786945716    0.050000
1808    9.719988705505154    0.050000
1829    9.66850219401651    0.050000
1848    9.618244605517303    0.050000
1866    9.567429065588936    0.050000
1883    9.516590085381068    0.050000
1899    9.46622904050392    0.050000
1915    9.413444692690195    0.050000
1930    9.361770523163061    0.050000
1944    9.311640654407848    0.050000
1958    9.259685733893843    0.050000
1972    9.20591594461914    0.050000
1985    9.154371012514437    0.050000
1998    9.101279013496661    0.050000
2010    9.050905633252011    0.050000
2022    8.99922893823606    0.050000
2034    8.946256369803596    0.050000
2046    8.891995555912938    0.050000
2057    8.841131458624043    0.050000
2068    8.789197595215528    0.050000
2079    8.736200249621504    0.050000
2090    8.682145834456128    0.050000
2100    8.632093666488737    0.050000
2110    8.581178296348089    0.050000
2120    8.529404815528762    0.050000
2130    8.476778401335698    0.050000
2140    8.423304316366456    0.050000
2150    8.368987907984978    0.050000
2160    8.313834607786832    0.050000
2169    8.263485651767178    0.050000
2178    8.21246735792778    0.050000
2187    8.160783858722544    0.050000
2196    8.108439340486646    0.050000
2205    8.05543804309745    0.050000
2214    8.001784259631059    0.050000
2223    7.947482336014603    0.050000
2232    7.892536670674201    0.050000
2241    7.83695171417871    0.050000
2250    7.780731968879213    0.050000
2258    7.730229633006074    0.050000
2266    7.679232565075003    0.050000
2274    7.627744028880939    0.050000
2282    7.575767319672624    0.050000
2290    7.523305763941708    0.050000
2298    7.470362719209848    0.050000
2306    7.416941573813837    0.050000
2314    7.363045746688746    0.050000
2322    7.308678687149114    0.050000
2330    7.2538438746681955    0.050000
2338    7.198544818655272    0.050000
2346    7.142785058231051    0.050000
2354    7.0865681620011705    0.050000
2362    7.029897727827797    0.050000
2370    6.972777382599378    0.050000
2377    6.922430886011282    0.050000
2384    6.8717451916948304    0.050000
2391    6.820722783238906    0.050000
2398    6.769366160731312    0.050000
2405    6.71767784063628    0.050000
2412    6.665660355671148    0.050000
2419    6.613316254682273    0.050000
2426    6.56064810252013    0.050000
2433    6.507658479913642    0.050000
2440    6.4543499833437075    0.050000
2447    6.400725224915994    0.050000
2454    6.346786832232936    0.050000
2461    6.292537448264987    0.050000
2468    6.237979731221099    0.050000
2475    6.183116354418493    0.050000
2482    6.127950006151659    0.050000
2489    6.072483389560626    0.050000
2496    6.0167192224985    0.050000
2503    5.960660237398316    0.050000
2510    5.904309181139131    0.050000
2517    5.847668814911416    0.050000
2524    5.790741914081791    0.050000
2531    5.733531268057005    0.050000
2538    5.6760396801472695    0.050000
2545    5.6182699674288825    0.050000
2552    5.560224960606212    0.050000
2559    5.501907503872978    0.050000
2565    5.451706430208982    0.050000
2571    5.401309095702278    0.050000
2577    5.350717314651474    0.050000
2583    5.299932908355215    0.050000
2589    5.24895770504665    0.050000
2595    5.197793539827589    0.050000
2601    5.146442254602457    0.050000
2607    5.094905698011971    0.050000
2613    5.04318572536661    0.050000
2619    4.991284198579794    0.050000
2625    4.9392029861008915    0.050000
2631    4.886943962847923    0.050000
2637    4.834509010140078    0.050000
2643    4.781900015629997    0.050000
2649    4.729118873235795    0.050000
2655    4.676167483072905    0.050000
2661    4.623047751385644    0.050000
2667    4.5697615904786275    0.050000
2673    4.516310918647883    0.050000
2679    4.462697660111832    0.050000
2685    4.408923744941983    0.050000
2691    4.3549911089934845    0.050000
2697    4.300901693835396    0.050000
2703    4.246657446680831    0.050000
2709    4.192260320316819    0.050000
2715    4.137712273034043    0.050000
2721    4.0830152685563075    0.050000
2727    4.028171275969871    0.050000
2733    3.9731822696525394    0.050000
2739    3.9180502292026076    0.050000
2745    3.8627771393675685    0.050000
2751    3.8073649899726956    0.050000
2757    3.7518157758493755    0.050000
2763    3.696131496763323    0.050000
2769    3.6403141573425666    0.050000
2775    3.584365767005302    0.050000
2781    3.5282883398875318    0.050000
2787    3.4720838947705857    0.050000
2793    3.415754455008408    0.050000
2799    3.3593020484547544    0.050000
2805    3.3027287073901577    0.050000
2811    3.246036468448793    0.050000
2817    3.1892273725451306    0.050000
2823    3.1323034648004975    0.050000
2829    3.0752667944694156    0.050000
2835    3.0181194148658657    0.050000
2841    2.960863383289333    0.050000
2847    2.9035007609507786    0.050000
2853    2.846033612898403    0.050000
2859    2.788464007943339    0.050000
2865    2.7307940185851396    0.050000
2871    2.6730257209371993    0.050000
2877    2.6151611946519924    0.050000
2883    2.5572025228462105    0.050000
2889    2.4991517920257884    0.050000
2895    2.441011092010757    0.050000
2901    2.3827825158600464    0.050000
2907    2.3244681597961008    0.050000
2913    2.266070123129449    0.050000
2919    2.2075905081830953    0.050000
2925    2.149031420216871    0.050000
2931    2.0903949673516093    0.050000
2937    2.03168326049329    0.050000
2943    1.9728984132570104    0.050000
2949    1.9140425418909304    0.050000
2955    1.8551177652000546    0.050000
2961    1.796126204469988    0.050000
2967    1.7370699833905379    0.050000
2973    1.677951227979293    0.050000
2979    1.6187720665050553    0.050000
2985    1.559534629411255    0.050000
2991    1.5002410492392209    0.050000
2997    1.4408934605514445    0.050000
3003    1.3814939998547    0.050000
3009    1.3220448055231666    0.050000
3015    1.2625480177214101    0.050000
3021    1.2030057783273758    0.050000
3027    1.1434202308552412    0.050000
3033    1.0837935203782898    0.050000
3039    1.0241277934516497    0.050000
3045    0.9644251980350556    0.050000
3051    0.9046878834154854    0.050000
3057    0.844918000129823    0.050000
3063    0.7851176998874025    0.050000
3069    0.7252891354925831    0.050000
3075    0.6654344607672126    0.050000
3081    0.6055558304731258    0.050000
3087    0.5456554002345375    0.050000
3093    0.48573532646047585    0.050000
3099    0.42579776626711663    0.050000
3105    0.36584487740016225    0.050000
3111    0.30587881815712825    0.050000
3117    0.2459017473096799    0.050000
3123    0.1859158240258813    0.050000
3129    0.12592320779250116    0.050000
3135    0.06592605833724013    0.050000
3141    0.005926535550994538    0.050000
3147    -0.05407320058988639    0.050000
3153    -0.11407099010139041    0.050000
3159    -0.174064673069566    0.050000
3165    -0.2340520897283145    0.050000
3171    -0.2940310805371059    0.050000
3177    -0.35399948625875777    0.050000
3183    -0.41395514803713174    0.050000
3189    -0.4738959074748879    0.050000
3195    -0.5338196067111514    0.050000
3201    -0.59372408849923    0.050000
3207    -0.6536071962842404    0.050000
3213    -0.7134667742807784    0.050000
3219    -0.7733006675504922    0.050000
3225    -0.8331067220796949    0.050000
3231    -0.892882784856874    0.050000
3237    -0.9526267039502337    0.050000
3243    -1.0123363285851303    0.050000
3249    -1.0720095092215345    0.050000
3255    -1.1316440976313793    0.050000
3261    -1.1912379469759309    0.050000
3267    -1.250788911883041    0.050000
3273    -1.3102948485244126    0.050000
3279    -1.3697536146927443    0.050000
3285    -1.4291630698788849    0.050000
3291    -1.4885210753488547    0.050000
3297    -1.5478254942208767    0.050000
3303    -1.607074191542267    0.050000
3309    -1.6662650343663301    0.050000
3315    -1.7253958918291081    0.050000
3321    -1.7844646352261273    0.050000
3327    -1.8434691380889956    0.050000
3333    -1.9024072762619917    0.050000
3339    -1.9612769279784976    0.050000
3345    -2.0200759739374186    0.050000
3351    -2.078802297379441    0.050000
3357    -2.137453784163273    0.050000
3363    -2.196028322841715    0.050000
3369    -2.25452380473771    0.050000
3375    -2.3129381240202185    0.050000
3381    -2.371269177780059    0.050000
3387    -2.4295148661056003    0.050000
3393    -2.487673092158346    0.050000
3399    -2.5457417622484457    0.050000
3405    -2.6037187859100395    0.050000
3411    -2.661602075976547    0.050000
3417    -2.719389548655767    0.050000
3423    -2.777079123604934    0.050000
3429    -2.8346687240055712    0.050000
3435    -2.8921562766382927    0.050000
3441    -2.949539711957402    0.050000
3447    -3.006816964165436    0.050000
3453    -3.063985971287492    0.050000
3459    -3.121044675245495    0.050000
3465    -3.1779910219322582    0.050000
3471    -3.2348229612854578    0.050000
3477    -3.2915384473614084    0.050000
3483    -3.348135438408743    0.050000
3489    -3.4046118969418893    0.050000
3495    -3.4609657898144475    0.050000
3501    -3.517195088292352    0.050000
3507    -3.573297768126939    0.050000
3513    -3.629271809627785    0.050000
3519    -3.685115197735449    0.050000
3525    -3.7408259220939826    0.050000
3531    -3.7964019771233337    0.050000
3537    -3.851841362091515    0.050000
3543    -3.907142081186664    0.050000
3549    -3.962302143588856    0.050000
3555    -4.017319563541812    0.050000
3561    -4.072192360424345    0.050000
3567    -4.126918558821704    0.050000
3573    -4.181496188596649    0.050000
3579    -4.235923284960409    0.050000
3585    -4.290197888543385    0.050000
3591    -4.344318045465719    0.050000
3597    -4.398281807407597    0.050000
3603    -4.452087231679426    0.050000
3609    -4.505732381291737    0.050000
3615    -4.559215325024943    0.050000
3621    -4.612534137498838    0.050000
3627    -4.665686899241938    0.050000
3633    -4.718671696760562    0.050000
3639    -4.771486622607714    0.050000
3645    -4.824129775451777    0.050000
3651    -4.876599260144923    0.050000
3657    -4.928893187791382    0.050000
3663    -4.981009675815397    0.050000
3669    -5.032946848029033    0.050000
3675    -5.084702834699695    0.050000
3681    -5.1362757726174575    0.050000
3687    -5.187663805162121    0.050000
3693    -5.238865082370068    0.050000
3699    -5.2898777610008425    0.050000
3705    -5.340700004603533    0.050000
3711    -5.391329983582847    0.050000
3717    -5.441765875265019    0.050000
3723    -5.492005863963387    0.050000
3729    -5.542048141043792    0.050000
3736    -5.60017850910695    0.050000
3743    -5.658034469543658    0.050000
3750    -5.715613187423439    0.050000
3757    -5.772911841400631    0.050000
3764    -5.8299276238526545    0.050000
3771    -5.886657741017581    0.050000
3778    -5.943099413131019    0.050000
3785    -5.999249874562326    0.050000
3792    -6.0551063739501245    0.050000
3799    -6.110666174337126    0.050000
3806    -6.165926553304226    0.050000
3813    -6.22088480310391    0.050000
3820    -6.275538230792934    0.050000
3827    -6.32988415836428    0.050000
3834    -6.383919922878368    0.050000
3841    -6.437642876593549    0.050000
3848    -6.491050387095838    0.050000
3855    -6.544139837427909    0.050000
3862    -6.596908626217319    0.050000
3869    -6.649354167803973    0.050000
3876    -6.701473892366824    0.050000
3883    -6.753265246049803    0.050000
3890    -6.80472569108694    0.050000
3897    -6.855852705926721    0.050000
3904    -6.906643785355652    0.050000
3911    -6.957096440621006    0.050000
3918    -7.007208199552763    0.050000
3926    -7.0640582080078245    0.050000
3934    -7.120456119148767    0.050000
3942    -7.176398323528527    0.050000
3950    -7.231881240865122    0.050000
3958    -7.286901320270776    0.050000
3966    -7.34145504047919    0.050000
3974    -7.3955389100708935    0.050000
3982    -7.449149467696689    0.050000
3990    -7.5022832822991905    0.050000
3998    -7.554936953332396    0.050000
4006    -7.607107110979338    0.050000
4014    -7.6587904163677285    0.050000
4022    -7.709983561783669    0.050000
4030    -7.760683270883321    0.050000
4038    -7.810886298902614    0.050000
4047    -7.86676701703144    0.050000
4056    -7.922010531333035    0.050000
4065    -7.97661236711294    0.050000
4074    -8.030568101652303    0.050000
4083    -8.083873364566141    0.050000
4092    -8.136523838157288    0.050000
4101    -8.188515257766184    0.050000
4110    -8.239843412116258    0.050000
4119    -8.290504143655067    0.050000
4129    -8.346006076373689    0.050000
4139    -8.40067341543966    0.050000
4149    -8.454500694164619    0.050000
4159    -8.507482529865557    0.050000
4169    -8.559613624403053    0.050000
4179    -8.6108887647111    0.050000
4189    -8.66130282331839    0.050000
4200    -8.715757724135882    0.050000
4211    -8.76915802890266    0.050000
4222    -8.821497276247003    0.050000
4233    -8.872769133183832    0.050000
4244    -8.922967395881026    0.050000
4256    -8.976497573488269    0.050000
4268    -9.028735150956239    0.050000
4280    -9.079672606164054    0.050000
4293    -9.13337919483396    0.050000
4306    -9.185542264158022    0.050000
4319    -9.236152998701671    0.050000
4333    -9.288911018888092    0.050000
4347    -9.339848442251517    0.050000
4362    -9.392392612634485    0.050000
4377    -9.442823534303468    0.050000
4393    -9.49427447213209    0.050000
4410    -9.546277716602162    0.050000
4428    -9.598332662220235    0.050000
4447    -9.649905503040044    0.050000
4467    -9.700429019288174    0.050000
4489    -9.751522706568235    0.050000
4513    -9.801877857403065    0.050000
4541    -9.853488252931426    0.050000
4574    -9.904395178150692    0.050000
4617    -9.954539198664877    0.050000
4851    -9.904088636042484    0.050000
4884    -9.853109319592576    0.050000
4912    -9.801437821671632    0.050000
4936    -9.751030570113395    0.050000
4958    -9.699889372116543    0.050000
4978    -9.649322890348074    0.050000
4997    -9.597709447870493    0.050000
5015    -9.545616244811907    0.050000
5032    -9.493577064887317    0.050000
5048    -9.442092489380268    0.050000
5063    -9.391630202189805    0.050000
5078    -9.339054837824492    0.050000
5092    -9.288088461036097    0.050000
5106    -9.235301648643407    0.050000
5119    -9.184664327769344    0.050000
5132    -9.132474820484033    0.050000
5145    -9.078741946689986    0.050000
5157    -9.027780367786956    0.050000
5169    -8.9755188041109    0.050000
5181    -8.921964781236667    0.050000
5192    -8.871744787123879    0.050000
5203    -8.82045132271607    0.050000
5214    -8.768090594459856    0.050000
5225    -8.714668937939475    0.050000
5236    -8.660192817110179    0.050000
5246    -8.60975958406533    0.050000
5256    -8.558465382236857    0.050000
5266    -8.506315341002187    0.050000
5276    -8.453314675321995    0.050000
5286    -8.399468685218674    0.050000
5296    -8.344782755246358    0.050000
5306    -8.289262353952488    0.050000
5315    -8.238585106815703    0.050000
5324    -8.187240538789705    0.050000
5333    -8.135232808756422    0.050000
5342    -8.082566129313564    0.050000
5351    -8.029244766433354    0.050000
5360    -7.975273039117043    0.050000
5369    -7.920655319045037    0.050000
5378    -7.865396030222789    0.050000
5387    -7.8094996486224915    0.050000
5395    -7.759282791769788    0.050000
5403    -7.708569343466905    0.050000
5411    -7.657362549357226    0.050000
5419    -7.605665686658097    0.050000
5427    -7.553482063951083    0.050000
5435    -7.500815020970226    0.050000
5443    -7.4476679283883    0.050000
5451    -7.394044187601089    0.050000
5459    -7.339947230509699    0.050000
5467    -7.2853805193009205    0.050000
5475    -7.230347546225644    0.050000
5483    -7.174851833375362    0.050000
5491    -7.118896932456756    0.050000
5499    -7.062486424564384    0.050000
5507    -7.005623919951496    0.050000
5514    -6.955501310028697    0.050000
5521    -6.9050378819333895    0.050000
5528    -6.854236108363446    0.050000
5535    -6.803098478595606    0.050000
5542    -6.751627498363504    0.050000
5549    -6.699825689734862    0.050000
5556    -6.64769559098795    0.050000
5563    -6.595239756487171    0.050000
5570    -6.5424607565579125    0.050000
5577    -6.489361177360626    0.050000
5584    -6.435943620764058    0.050000
5591    -6.3822107042177905    0.050000
5598    -6.328165060623994    0.050000
5605    -6.273809338208378    0.050000
5612    -6.21914620039048    0.050000
5619    -6.164178325653108    0.050000
5626    -6.108908407411119    0.050000
5633    -6.053339153879463    0.050000
5640    -5.997473287940438    0.050000
5647    -5.941313547010287    0.050000
5654    -5.884862682905097    0.050000
5661    -5.828123461705906    0.050000
5668    -5.771098663623193    0.050000
5675    -5.713791082860667    0.050000
5682    -5.656203527478308    0.050000
5689    -5.598338819254819    0.050000
5696    -5.540199793549318    0.050000
5702    -5.490150167701916    0.050000
5708    -5.43990289704141    0.050000
5714    -5.38945979046412    0.050000
5720    -5.338822663916442    0.050000
5726    -5.287993340329448    0.050000
5732    -5.2369736495533035    0.050000
5738    -5.185765428291369    0.050000
5744    -5.134370520034085    0.050000
5750    -5.082790774992582    0.050000
5756    -5.0310280500321225    0.050000
5762    -4.979084208605219    0.050000
5768    -4.926961120684538    0.050000
5774    -4.874660662695623    0.050000
5780    -4.822184717449315    0.050000
5786    -4.769535174073981    0.050000
5792    -4.716713927947483    0.050000
5798    -4.663722880628982    0.050000
5804    -4.6105639397904605    0.050000
5810    -4.557239019148056    0.050000
5816    -4.503750038393133    0.050000
5822    -4.4500989231232335    0.050000
5828    -4.396287604772711    0.050000
5834    -4.342318020543224    0.050000
5840    -4.288192113333959    0.050000
5846    -4.233911831671738    0.050000
5852    -4.179479129640838    0.050000
5858    -4.124895966812663    0.050000
5864    -4.070164308175163    0.050000
5870    -4.015286124062146    0.050000
5876    -3.960263390082313    0.050000
5882    -3.9050980870481533    0.050000
5888    -3.8497922009046013    0.050000
5894    -3.794347722657594    0.050000
5900    -3.73876664830236    0.050000
5906    -3.683050978751582    0.050000
5912    -3.6272027197633294    0.050000
5918    -3.571223881868903    0.050000
5924    -3.5151164803004202    0.050000
5930    -3.4588825349182883    0.050000
5936    -3.402524070138449    0.050000
5942    -3.3460431148595573    0.050000
5948    -3.2894417023899027    0.050000
5954    -3.2327218703742298    0.050000
5960    -3.1758856607203483    0.050000
5966    -3.1189351195256765    0.050000
5972    -3.061872297003546    0.050000
5978    -3.0046992474094134    0.050000
5984    -2.947418028966873    0.050000
5990    -2.8900307037936113    0.050000
5996    -2.8325393378271353    0.050000
6002    -2.77494600075042    0.050000
6008    -2.717252765917363    0.050000
6014    -2.6594617102781957    0.050000
6020    -2.601574914304689    0.050000
6026    -2.543594461915228    0.050000
6032    -2.485522440399846    0.050000
6038    -2.427360940345046    0.050000
6044    -2.3691120555585568    0.050000
6050    -2.3107778829939223    0.050000
6056    -2.252360522675064    0.050000
6062    -2.193862077620644    0.050000
6068    -2.135284653768375    0.050000
6074    -2.076630359899172    0.050000
6080    -2.017901307561289    0.050000
6086    -1.9590996109942667    0.050000
6092    -1.9002273870528397    0.050000
6098    -1.841286755130694    0.050000
6104    -1.782279837084223    0.050000
6110    -1.7232087571561026    0.050000
6116    -1.6640756418988398    0.050000
6122    -1.6048826200981798    0.050000
6128    -1.545631822696523    0.050000
6134    -1.4863253827161778    0.050000
6140    -1.4269654351825862    0.050000
6146    -1.3675541170474312    0.050000
6152    -1.3080935671117584    0.050000
6158    -1.2485859259489431    0.050000
6164    -1.1890333358276501    0.050000
6170    -1.1294379406346737    0.050000
6176    -1.0698018857978135    0.050000
6182    -1.0101273182086035    0.050000
6188    -0.9504163861450399    0.050000
6194    -0.8906712391942113    0.050000
6200    -0.830894028174964    0.050000
6206    -0.771086905060439    0.050000
6212    -0.711252022900618    0.050000
6218    -0.6513915357447786    0.050000
6224    -0.5915075985640027    0.050000
6230    -0.5316023671735612    0.050000
6236    -0.4716779981553234    0.050000
6242    -0.4117366487800843    0.050000
6248    -0.35178047692995656    0.050000
6254    -0.2918116410206606    0.050000
6260    -0.23183229992379453    0.050000
6266    -0.17184461288916908    0.050000
6272    -0.11185073946703876    0.050000
6278    -0.051852839430376434    0.050000
6284    0.008146927302914182    0.050000
6290    0.06814640074770176    0.050000
6296    0.12814342092942224    0.050000
6302    0.18813582796181982    0.050000
6308    0.24812146212473832    0.050000
6314    0.3080981639418174    0.050000
6320    0.3680637742582692    0.050000
6326    0.4280161343185896    0.050000
6332    0.4879530858443091    0.050000
6338    0.5478724711116371    0.050000
6344    0.6077721330291752    0.050000
6350    0.6676499152155546    0.050000
6356    0.7275036620771014    0.050000
6362    0.7873312188853836    0.050000
6368    0.8471304318548175    0.050000
6374    0.906899148220186    0.050000
6380    0.9666352163141723    0.050000
6386    1.0263364856447679    0.050000
6392    1.086000806972724    0.050000
6398    1.1456260323889087    0.050000
6404    1.2052100153916638    0.050000
6410    1.264750610964027    0.050000
6416    1.3242456756509884    0.050000
6422    1.383693067636636    0.050000
6428    1.443090646821296    0.050000
6434    1.5024362748985243    0.050000
6440    1.561727815432119    0.050000
6446    1.6209631339330157    0.050000
6452    1.6801400979361636    0.050000
6458    1.7392565770772408    0.050000
6464    1.7983104431693826    0.050000
6470    1.8572995702797788    0.050000
6476    1.9162218348062416    0.050000
6482    1.9750751155536035    0.050000
6488    2.033857293810113    0.050000
6494    2.0925662534236924    0.050000
6500    2.151199880878155    0.050000
6506    2.2097560653692354    0.050000
6512    2.2682326988806065    0.050000
6518    2.326627676259796    0.050000
6524    2.3849388952939155    0.050000
6530    2.4431642567853773    0.050000
6536    2.5013016646274475    0.050000
6542    2.5593490258797407    0.050000
6548    2.6173042508435116    0.050000
6554    2.6751652531369197    0.050000
6560    2.732929949770124    0.050000
6566    2.7905962612203017    0.050000
6572    2.848162111506459    0.050000
6578    2.9056254282642033    0.050000
6584    2.962984142820329    0.050000
6590    3.020236190267324    0.050000
6596    3.077379509537654    0.050000
6602    3.134412043477997    0.050000
6608    3.1913317389232825    0.050000
6614    3.2481365467706387    0.050000
6620    3.30482442205311    0.050000
6626    3.361393324013307    0.050000
6632    3.417841216176862    0.050000
6638    3.4741660664257688    0.050000
6644    3.5303658470714945    0.050000
6650    3.586438534928004    0.050000
6656    3.642382111384583    0.050000
6662    3.698194562478537    0.050000
6668    3.7538738789676467    0.050000
6674    3.809418056402531    0.050000
6680    3.8648250951987935    0.050000
6686    3.9200930007090378    0.050000
6692    3.9752197832946257    0.050000
6698    4.030203458397338    0.050000
6704    4.085042046610802    0.050000
6710    4.139733573751781    0.050000
6716    4.194276070931195    0.050000
6722    4.248667574625035    0.050000
6728    4.302906126745038    0.050000
6734    4.356989774709199    0.050000
6740    4.410916571512024    0.050000
6746    4.464684575794654    0.050000
6752    4.518291851914731    0.050000
6758    4.571736470016124    0.050000
6764    4.625016506098342    0.050000
6770    4.678130042085835    0.050000
6776    4.731075165897058    0.050000
6782    4.783849971513264    0.050000
6788    4.83645255904715    0.050000
6794    4.88888103481124    0.050000
6800    4.941133511386083    0.050000
6806    4.993208107688156    0.050000
6812    5.045102949037619    0.050000
6818    5.09681616722578    0.050000
6824    5.148345900582385    0.050000
6830    5.199690294042587    0.050000
6836    5.250847499213771    0.050000
6842    5.301815674442067    0.050000
6848    5.352592984878686    0.050000
6854    5.403177602545927    0.050000
6860    5.45356770640302    0.050000
6866    5.50376148241166    0.050000
6873    5.562070340876463    0.050000
6880    5.620106659007432    0.050000
6887    5.677867593036595    0.050000
6894    5.735350312689753    0.050000
6901    5.792552001325129    0.050000
6908    5.849469856071437    0.050000
6915    5.90610108796517    0.050000
6922    5.962442922087304    0.050000
6929    6.018492597699245    0.050000
6936    6.07424736837809    0.050000
6943    6.129704502151239    0.050000
6950    6.18486128163024    0.050000
6957    6.239715004143919    0.050000
6964    6.294262981870862    0.050000
6971    6.348502541971062    0.050000
6978    6.402431026716933    0.050000
6985    6.456045793623519    0.050000
6992    6.509344215577957    0.050000
6999    6.562323680968239    0.050000
7006    6.614981593811171    0.050000
7013    6.6673153738795445    0.050000
7020    6.719322456828615    0.050000
7027    6.771000294321729    0.050000
7034    6.822346354155177    0.050000
7041    6.8733581203823135    0.050000
7048    6.924033093436787    0.050000
7055    6.974368790255063    0.050000
7063    7.031476697436368    0.050000
7071    7.088134592509106    0.050000
7079    7.144338849387338    0.050000
7087    7.200085871017805    0.050000
7095    7.255372089610151    0.050000
7103    7.310193966865254    0.050000
7111    7.364547994201688    0.050000
7119    7.418430692980253    0.050000
7127    7.471838614726618    0.050000
7135    7.524768341352026    0.050000
7143    7.577216485372033    0.050000
7151    7.629179690123329    0.050000
7159    7.6806546299785445    0.050000
7167    7.731638010559098    0.050000
7175    7.782126568946037    0.050000
7184    7.838330707931365    0.050000
7193    7.893899946414941    0.050000
7202    7.948829783318841    0.050000
7211    8.003115769356302    0.050000
7220    8.056753507392132    0.050000
7229    8.109738652798887    0.050000
7238    8.162066913808752    0.050000
7247    8.213734051861193    0.050000
7256    8.264735881946285    0.050000
7265    8.315068272943664    0.050000
7275    8.370203050422672    0.050000
7285    8.424500814571783    0.050000
7295    8.477956135659824    0.050000
7305    8.530563668199242    0.050000
7315    8.582318151480624    0.050000
7325    8.633214410098763    0.050000
7335    8.68324735447021    0.050000
7346    8.737280496529896    0.050000
7357    8.79025643830967    0.050000
7368    8.842168769785212    0.050000
7379    8.893011209627742    0.050000
7391    8.947248257145452    0.050000
7403    9.000196916374897    0.050000
7415    9.051849562800653    0.050000
7427    9.102198758530886    0.050000
7440    9.155264408310895    0.050000
7453    9.206782840196068    0.050000
7467    9.260523927060827    0.050000
7481    9.312449980881714    0.050000
7495    9.362550824318411    0.050000
7510    9.414193725728182    0.050000
7526    9.466944535299714    0.050000
7542    9.517271858771904    0.050000
7559    9.5680748189515    0.050000
7577    9.618852016842345    0.050000
7596    9.669068919942085    0.050000
7617    9.720510225941831    0.050000
7640    9.771931533458229    0.050000
7665    9.821960533630794    0.050000
7694    9.872302092513735    0.050000
7730    9.923241172312474    0.050000
7781    9.973380224110663    0.050000
7978    9.923195741203175    0.050000
8014    9.872243571668779    0.050000
8043    9.821891522630038    0.050000
8068    9.771853525474583    0.050000
8091    9.720423983660174    0.050000
8112    9.668975199120679    0.050000
8131    9.61875156524582    0.050000
8149    9.567968024241384    0.050000
8166    9.51715910507916    0.050000
8182    9.466826202888262    0.050000
8198    9.414069844890479    0.050000
8213    9.362421770606018    0.050000
8227    9.312316125327106    0.050000
8241    9.260385295899273    0.050000
8255    9.206639460598822    0.050000
8268    9.155116644594896    0.050000
8281    9.10204663566785    0.050000
8293    9.051693438910998    0.050000
8305    9.000036813940193    0.050000
8317    8.947084199220164    0.050000
8329    8.892843219835937    0.050000
8340    8.841997197019127    0.050000
8351    8.790081303329401    0.050000
8362    8.73710182052657    0.050000
8373    8.683065159063402    0.050000
8383    8.633029034353418    0.050000
8393    8.582129613934155    0.050000
8403    8.530371987705262    0.050000
8413    8.477761331386215    0.050000
8423    8.424302905998807    0.050000
8433    8.370002057341031    0.050000
8443    8.314864215452497    0.050000
8452    8.264529083924614    0.050000
8461    8.21352453005955    0.050000
8470    8.161854685198284    0.050000
8479    8.10952373457001    0.050000
8488    8.056535916953095    0.050000
8497    8.002895524331805    0.050000
8506    7.948606901548617    0.050000
8515    7.893674445952293    0.050000
8524    7.838102607041711    0.050000
8533    7.78189588610542    0.050000
8541    7.73140504833081    0.050000
8549    7.6804194032721    0.050000
8557    7.628942213993147    0.050000
8565    7.576976775016515    0.050000
8573    7.524526412112541    0.050000
8581    7.4715944820865685    0.050000
8589    7.418184372564031    0.050000
8597    7.364299501773729    0.050000
8605    7.309943318328975    0.050000
8613    7.255119301006984    0.050000
8621    7.1998309585261255    0.050000
8629    7.144081829321471    0.050000
8637    7.087875481318233    0.050000
8645    7.031215511703528    0.050000
8653    6.974105546696045    0.050000
8660    6.923768063095605    0.050000
8667    6.873091316245401    0.050000
8674    6.822077789295889    0.050000
8681    6.770729981899686    0.050000
8688    6.719050410089064    0.050000
8695    6.6670416061527265    0.050000
8702    6.614706118511652    0.050000
8709    6.56204651159426    0.050000
8716    6.509065365710752    0.050000
8723    6.455765276926666    0.050000
8730    6.402148856935712    0.050000
8737    6.3482187329317314    0.050000
8744    6.293977547480005    0.050000
8751    6.239427958387773    0.050000
8758    6.1845726385739805    0.050000
8765    6.129414275938313    0.050000
8772    6.07395557322953    0.050000
8779    6.018199247912956    0.050000
8786    5.962148032037371    0.050000
8793    5.905804672101142    0.050000
8800    5.849171928917617    0.050000
8807    5.792252577479909    0.050000
8814    5.735049406824834    0.050000
8821    5.677565219896313    0.050000
8828    5.619802833408001    0.050000
8835    5.561765077705264    0.050000
8842    5.503454796626549    0.050000
8848    5.453259813192617    0.050000
8854    5.402868512994375    0.050000
8860    5.352282710113161    0.050000
8866    5.301504225632429    0.050000
8872    5.250534887572135    0.050000
8878    5.199376530822946    0.050000
8884    5.148030997080178    0.050000
8890    5.096500134777504    0.050000
8896    5.0447857990203975    0.050000
8902    4.9928898515193785    0.050000
8908    4.940814160522921    0.050000
8914    4.888560600750292    0.050000
8920    4.836131053324    0.050000
8926    4.78352740570209    0.050000
8932    4.730751551610195    0.050000
8938    4.6778053909733615    0.050000
8944    4.624690829847657    0.050000
8950    4.5714097803515585    0.050000
8956    4.517964160597064    0.050000
8962    4.464355894620727    0.050000
8968    4.410586912314333    0.050000
8974    4.356659149355439    0.050000
8980    4.302574547137688    0.050000
8986    4.248335052700916    0.050000
8992    4.193942618661067    0.050000
8998    4.139399203139907    0.050000
9004    4.084706769694472    0.050000
9010    4.029867287246478    0.050000
9016    3.9748827300113665    0.050000
9022    3.9197550774272623    0.050000
9028    3.864486314083703    0.050000
9034    3.809078429650201    0.050000
9040    3.753533418804628    0.050000
9046    3.697853281161342    0.050000
9052    3.6420400211993034    0.050000
9058    3.5860956481898403    0.050000
9064    3.5300221761243407    0.050000
9070    3.4738216236417423    0.050000
9076    3.417496013955865    0.050000
9082    3.361047374782575    0.050000
9088    3.304477738266802    0.050000
9094    3.247789140909317    0.050000
9100    3.1909836234935214    0.050000
9106    3.134063231011905    0.050000
9112    3.077030012592451    0.050000
9118    3.0198860214248624    0.050000
9124    2.9626333146866495    0.050000
9130    2.905273953469072    0.050000
9136    2.847810002702956    0.050000
9142    2.790243531084289    0.050000
9148    2.7325766109998484    0.050000
9154    2.6748113184525297    0.050000
9160    2.6169497329866265    0.050000
9166    2.5589939376129656    0.050000
9172    2.500946018733922    0.050000
9178    2.442808066068305    0.050000
9184    2.3845821725761502    0.050000
9190    2.3262704343833    0.050000
9196    2.2678749507060494    0.050000
9202    2.209397823775503    0.050000
9208    2.150841158761916    0.050000
9214    2.092207063698903    0.050000
9220    2.033497649407556    0.050000
9226    1.9747150294204472    0.050000
9232    1.9158613199055659    0.050000
9238    1.8569386395900631    0.050000
9244    1.7979491096840843    0.050000
9250    1.7388948538043356    0.050000
9256    1.67977799789765    0.050000
9262    1.6206006701644557    0.050000
9268    1.5613650009821605    0.050000
9274    1.5020731228284743    0.050000
9280    1.4427271702045728    0.050000
9286    1.383329279558358    0.050000
9292    1.323881589207479    0.050000
9298    1.2643862392623668    0.050000
9304    1.2048453715491951    0.050000
9310    1.1452611295327708    0.050000
9316    1.0856356582393711    0.050000
9322    1.0259711041795414    0.050000
9328    0.9662696152707481    0.050000
9334    0.9065333407601621    0.050000
9340    0.8467644311472141    0.050000
9346    0.7869650381061952    0.050000
9352    0.7271373144087968    0.050000
9358    0.6672834138466103    0.050000
9364    0.607405491153592    0.050000
9370    0.5475057019285096    0.050000
9376    0.48758620255727037    0.050000
9382    0.4276491501353985    0.050000
9388    0.3676967023903077    0.050000
9394    0.3077310176036421    0.050000
9400    0.24775425453357763    0.050000
9406    0.18776857233710742    0.050000
9412    0.12777613049231207    0.050000
9418    0.06777908872063654    0.050000
9424    0.00777960690906943    0.050000
9430    -0.0522201549675062    0.050000
9436    -0.11221803692414278    0.050000
9442    -0.1722118790435696    0.050000
9448    -0.2321995215539497    0.050000
9454    -0.29217880490663145    0.050000
9460    -0.3521475698538918    0.050000
9466    -0.4121036575266515    0.050000
9472    -0.4720449095122652    0.050000
9478    -0.5319691679321172    0.050000
9484    -0.5918742755193763    0.050000
9490    -0.651758075696639    0.050000
9496    -0.7116184126535664    0.050000
9502    -0.7714531314244931    0.050000
9508    -0.8312600779659874    0.050000
9514    -0.8910370992344687    0.050000
9520    -0.9507820432636097    0.050000
9526    -1.0104927592418773    0.050000
9532    -1.0701670975899453    0.050000
9538    -1.129802910038078    0.050000
9544    -1.189398049703468    0.050000
9550    -1.2489503711675232    0.050000
9556    -1.3084577305530853    0.050000
9562    -1.3679179856016788    0.050000
9568    -1.427328995750525    0.050000
9574    -1.486688622209676    0.050000
9580    -1.5459947280389892    0.050000
9586    -1.6052451782250607    0.050000
9592    -1.6644378397580821    0.050000
9598    -1.7235705817086313    0.050000
9604    -1.782641275304367    0.050000
9610    -1.8416477940067342    0.050000
9616    -1.9005880135874147    0.050000
9622    -1.9594598122048694    0.050000
9628    -2.0182610704807065    0.050000
9634    -2.0769896715759777    0.050000
9640    -2.135643501267387    0.050000
9646    -2.1942204480233998    0.050000
9652    -2.2527184030802423    0.050000
9658    -2.311135260517884    0.050000
9664    -2.3694689173357495    0.050000
9670    -2.4277172735284935    0.050000
9676    -2.4858782321615833    0.050000
9682    -2.5439496994467894    0.050000
9688    -2.601929584817563    0.050000
9694    -2.6598158010042905    0.050000
9700    -2.717606264109424    0.050000
9706    -2.7752988936825687    0.050000
9712    -2.832891612795272    0.050000
9718    -2.890382348115867    0.050000
9724    -2.947769029984091    0.050000
9730    -3.0050495924855936    0.050000
9736    -3.0622219735263116    0.050000
9742    -3.119284114906703    0.050000
9748    -3.1762339623958225    0.050000
9754    -3.2330694658053454    0.050000
9760    -3.289788579063271    0.050000
9766    -3.346389260287647    0.050000
9772    -3.4028694718600616    0.050000
9778    -3.459227180498999    0.050000
9784    -3.515460357333035    0.050000
9790    -3.571566977973859    0.050000
9796    -3.6275450225892216    0.050000
9802    -3.6833924759755456    0.050000
9808    -3.73910732763054    0.050000
9814    -3.794687571825563    0.050000
9820    -3.850131207677826    0.050000
9826    -3.905436239222426    0.050000
9832    -3.9606006754842014    0.050000
9838    -4.015622530549387    0.050000
9844    -4.070499823637175    0.050000
9850    -4.1252305791709265    0.050000
9856    -4.179812826849352    0.050000
9862    -4.23424460171743    0.050000
9868    -4.288523944237144    0.050000
9874    -4.342648900358026    0.050000
9880    -4.3966175215875    0.050000
9886    -4.450427865061016    0.050000
9892    -4.50407799361205    0.050000
9898    -4.557565975841755    0.050000
9904    -4.610889886188546    0.050000
9910    -4.664047804997409    0.050000
9916    -4.7170378185890085    0.050000
9922    -4.769858019328579    0.050000
9928    -4.822506505694598    0.050000
9934    -4.874981382347226    0.050000
9940    -4.927280760196602    0.050000
9946    -4.9794027564707575    0.050000
9952    -5.031345494783454    0.050000
9958    -5.083107105201724    0.050000
9964    -5.134685724313181    0.050000
9970    -5.186079495293107    0.050000
9976    -5.237286567971299    0.050000
9982    -5.288305098898657    0.050000
9988    -5.339133251413605    0.050000
9994    -5.389769195708127    0.050000
10000    -5.440211108893699    0.050000
