1    0.009999998333333418    0.200000
794    7.131629633539371    0.200000
1316    9.677146512483903    0.200000
1801    9.736199418975943    0.200000
2314    7.363045746688746    0.200000
3013    1.2823854363050757    0.200000
3900    -6.877661591839737    0.200000
4427    -9.595522153254386    0.200000
4912    -9.801437821671632    0.200000
5421    -7.592665284804472    0.200000
6092    -1.9002273870528397    0.200000
7031    6.800381687523247    0.200000
7560    9.57097725720417    0.200000
8045    9.818113984650436    0.200000
8553    7.654742046487339    0.200000
9217    2.0628616394236445    0.200000
