1    0.009999998333333418    0.050000
497    4.767906374543459    0.050000
809    7.235973139085503    0.050000
1079    8.814860376204617    0.050000
1330    9.711483779210447    0.050000
1573    9.999975719131852    0.050000
1816    9.700879026268952    0.050000
2066    8.798719403661616    0.050000
2334    7.226252156601906    0.050000
2642    4.790680187320406    0.050000
3094    0.47574688916451285    0.050000
3624    -4.639131394446008    0.050000
3939    -7.155473627925204    0.050000
4210    -8.764347204918012    0.050000
4461    -9.685678479296486    0.050000
4704    -9.999648127104122    0.050000
4947    -9.72604839110936    0.050000
5197    -8.848562280827613    0.050000
5464    -7.305897864292206    0.050000
5770    -4.9095472496260175    0.050000
6208    -0.7511449223258788    0.050000
6759    4.5806279572103055    0.050000
7075    7.116293651221528    0.050000
7346    8.737280496529896    0.050000
7598    9.674152168426362    0.050000
7841    9.999157397730006    0.050000
8084    9.736622078001465    0.050000
8334    8.869864415815671    0.050000
8601    7.337180107413942    0.050000
8906    4.958192580096881    0.050000
9339    0.8567280911099135    0.050000
9898    -4.557565975841755    0.050000
