1    0.009999998333333418    0.200000
22    0.2199822537627977    0.200000
43    0.4298675005834976    0.200000
64    0.6395631828030929    0.200000
85    0.8489768280241602    0.200000
106    1.0580160882230218    0.200000
127    1.2665887804737275    0.200000
148    1.4746029275992298    0.200000
169    1.681966798731831    0.200000
190    1.8885889497650057    0.200000
211    2.0943782636787733    0.200000
232    2.299243990720825    0.200000
253    2.503095788425693    0.200000
274    2.7058437614543167    0.200000
295    2.907398501236427    0.200000
316    3.1076711253982814    0.200000
338    3.3160091709280177    0.200000
360    3.5227423327508998    0.200000
382    3.727770556052249    0.200000
404    3.930994611174347    0.200000
426    4.132316141641653    0.200000
449    4.340648696762031    0.200000
472    4.546685149944326    0.200000
495    4.750316512709508    0.200000
518    4.9514350688152895    0.200000
542    5.158503796005889    0.200000
566    5.362601367629562    0.200000
590    5.563610229127837    0.200000
615    5.769585222853968    0.200000
640    5.971954413623921    0.200000
666    6.178457408525216    0.200000
692    6.3807840014969415    0.200000
719    6.586325366753247    0.200000
746    6.787065592497046    0.200000
774    6.9900130457360925    0.200000
803    7.194429797923974    0.200000
833    7.399526746645574    0.200000
864    7.6044624307618625    0.200000
896    7.808342097779803    0.200000
929    8.010217061911918    0.200000
964    8.21479088603938    0.200000
1001    8.42010866288257    0.200000
1040    8.624042272433384    0.200000
1081    8.824286941916998    0.200000
1126    9.026983194102716    0.200000
1176    9.23074920335511    0.200000
1232    9.431553919633208    0.200000
1299    9.63290204854099    0.200000
1388    9.833392216947072    0.200000
1843    9.63180767802229    0.200000
1910    9.430199312900106    0.200000
1966    9.229181701022656    0.200000
2016    9.025229739391982    0.200000
2061    8.822369864269284    0.200000
2102    8.621979486946442    0.200000
2141    8.417910491118924    0.200000
2178    8.21246735792778    0.200000
2213    8.007777877989584    0.200000
2246    7.805796601010233    0.200000
2278    7.601816488727605    0.200000
2309    7.396786080801738    0.200000
2339    7.191599970472953    0.200000
2368    6.987099448637647    0.200000
2396    6.784073438495499    0.200000
2423    6.583259682302422    0.200000
2450    6.3776470213450365    0.200000
2476    6.175253933909701    0.200000
2502    5.968686609971648    0.200000
2527    5.766257646953707    0.200000
2552    5.560224960606212    0.200000
2576    5.359162704185589    0.200000
2600    5.155013718214642    0.200000
2624    4.9478955868650845    0.200000
2647    4.746731597745568    0.200000
2670    4.543056698303065    0.200000
2693    4.336978627809751    0.200000
2716    4.128606396759246    0.200000
2738    3.927248751370786    0.200000
2760    3.7239903942505572    0.200000
2782    3.518929698475592    0.200000
2804    3.31216590941966    0.200000
2826    3.1037990967204165    0.200000
2847    2.9035007609507786    0.200000
2868    2.7019220284011802    0.200000
2889    2.4991517920257884    0.200000
2910    2.295279470212642    0.200000
2931    2.0903949673516093    0.200000
2952    1.8845886341879858    0.200000
2973    1.677951227979293    0.200000
2994    1.4705738724727935    0.200000
3015    1.2625480177214101    0.200000
3036    1.0539653997557117    0.200000
3057    0.844918000129823    0.200000
3078    0.6354980053590507    0.200000
3099    0.42579776626711663    0.200000
3120    0.2159097572609596    0.200000
3141    0.005926535550994538    0.200000
3162    -0.20405929966510003    0.200000
3183    -0.41395514803713174    0.200000
3204    -0.6236684488976524    0.200000
3225    -0.8331067220796949    0.200000
3246    -1.0421776086990542    0.200000
3267    -1.250788911883041    0.200000
3288    -1.4588486374278125    0.200000
3309    -1.6662650343663301    0.200000
3330    -1.8729466354290318    0.200000
3351    -2.078802297379441    0.200000
3372    -2.28374124120684    0.200000
3393    -2.487673092158346    0.200000
3414    -2.6905079195927173    0.200000
3435    -2.8921562766382927    0.200000
3456    -3.092529239637635    0.200000
3478    -3.300979563101948    0.200000
3500    -3.5078322768961985    0.200000
3522    -3.71298726834489    0.200000
3544    -3.9163452464369994    0.200000
3566    -4.117807789880876    0.200000
3589    -4.326295274280175    0.200000
3612    -4.532494249367164    0.200000
3635    -4.736295640692516    0.200000
3658    -4.937591642072806    0.200000
3682    -5.144853335402333    0.200000
3706    -5.349151735452842    0.200000
3730    -5.550369171994238    0.200000
3755    -5.756569539324764    0.200000
3780    -5.959172238077639    0.200000
3806    -6.165926553304226    0.200000
3832    -6.368512936982189    0.200000
3859    -6.5743328619060595    0.200000
3886    -6.77536038932236    0.200000
3914    -6.978614794702661    0.200000
3943    -7.183358878560215    0.200000
3973    -7.388804239925658    0.200000
4004    -7.594110084072995    0.200000
4036    -7.798382282003914    0.200000
4069    -8.000672720159036    0.200000
4104    -8.205698545109328    0.200000
4140    -8.406094035501944    0.200000
4179    -8.6108887647111    0.200000
4220    -8.812060258283253    0.200000
4265    -9.015797352409534    0.200000
4314    -9.21687159066215    0.200000
4370    -9.419552819082009    0.200000
4436    -9.620470959933598    0.200000
4523    -9.82119448286281    0.200000
4989    -9.619864814442508    0.200000
5055    -9.418807116016346    0.200000
5111    -9.216009997819475    0.200000
5160    -9.014836559663548    0.200000
5205    -8.811010389642131    0.200000
5246    -8.60975958406533    0.200000
5285    -8.404891171028334    0.200000
5321    -8.20442928595125    0.200000
5356    -7.999340486747619    0.200000
5389    -7.796992166160912    0.200000
5421    -7.592665284804472    0.200000
5452    -7.387307876269655    0.200000
5482    -7.181813982450303    0.200000
5511    -6.977024304995254    0.200000
5539    -6.773727146923183    0.200000
5566    -6.572659605930678    0.200000
5593    -6.366800887160107    0.200000
5619    -6.164178325653108    0.200000
5645    -5.957389014332808    0.200000
5670    -5.7547538019521705    0.200000
5695    -5.548522055770636    0.200000
5719    -5.347275581340725    0.200000
5743    -5.142949224014597    0.200000
5767    -4.9356606701249675    0.200000
5790    -4.7343399708193505    0.200000
5813    -4.530514916072426    0.200000
5836    -4.324293324585014    0.200000
5859    -4.115784282770006    0.200000
5881    -3.9143021206322386    0.200000
5903    -3.7109255126792577    0.200000
5925    -3.5057528892191767    0.200000
5947    -3.2988835497965807    0.200000
5969    -3.090417615133449    0.200000
5990    -2.8900307037936113    0.200000
6011    -2.6883693357507172    0.200000
6032    -2.485522440399846    0.200000
6053    -2.281579469934407    0.200000
6074    -2.076630359899172    0.200000
6095    -1.870765489530156    0.200000
6116    -1.6640756418988398    0.200000
6137    -1.4566519638783075    0.200000
6158    -1.2485859259489431    0.200000
6179    -1.039969281861467    0.200000
6200    -0.830894028174964    0.200000
6221    -0.6214523636879299    0.200000
6242    -0.4117366487800843    0.200000
6263    -0.20183936468294167    0.200000
6284    0.008146927302914182    0.200000
6305    0.2181296266258627    0.200000
6326    0.4280161343185896    0.200000
6347    0.6377138938327392    0.200000
6368    0.8471304318548175    0.200000
6389    1.0561733990854774    0.200000
6410    1.264750610964027    0.200000
6431    1.472770088320337    0.200000
6452    1.6801400979361636    0.200000
6473    1.8867691929980108    0.200000
6494    2.0925662534236924    0.200000
6515    2.2974405260448147    0.200000
6536    2.5013016646274475    0.200000
6557    2.7040597697133637    0.200000
6578    2.9056254282642033    0.200000
6599    3.1059097530912316    0.200000
6621    3.3142608894668677    0.200000
6643    3.521007988269741    0.200000
6665    3.7260509879399626    0.200000
6687    3.9292906516683304    0.200000
6709    4.130628615425038    0.200000
6732    4.338979223928391    0.200000
6755    4.54503461360585    0.200000
6778    4.748685785961428    0.200000
6801    4.949825014274037    0.200000
6825    5.156916220319515    0.200000
6849    5.361037185197771    0.200000
6873    5.562070340876463    0.200000
6898    5.76807158396439    0.200000
6923    5.970467970071183    0.200000
6949    6.1770002333368765    0.200000
6975    6.3793570796679395    0.200000
7002    6.584930882495134    0.200000
7029    6.785704562327089    0.200000
7057    6.98868775629897    0.200000
7086    7.193142620595143    0.200000
7116    7.398280134311699    0.200000
7147    7.603258913737892    0.200000
7179    7.807184278808403    0.200000
7212    8.009107610191515    0.200000
7247    8.213734051861193    0.200000
7284    8.419108859162536    0.200000
7323    8.623104061888162    0.200000
7364    8.823415019883818    0.200000
7409    9.02618571044315    0.200000
7459    9.23003631604463    0.200000
7515    9.430937885432831    0.200000
7582    9.63240440332382    0.200000
7671    9.833055196690715    0.200000
8126    9.632305719567173    0.200000
8193    9.43081573513828    0.200000
8249    9.229894968104343    0.200000
8299    9.02602759443489    0.200000
8344    8.82324214934241    0.200000
8385    8.622918052289455    0.200000
8424    8.418910641243016    0.200000
8461    8.21352453005955    0.200000
8496    8.008887659243904    0.200000
8529    7.806954741207126    0.200000
8561    7.603020318586281    0.200000
8592    7.39803299753619    0.200000
8622    7.192887443761723    0.200000
8651    6.988425025622166    0.200000
8679    6.78543474786086    0.200000
8706    6.584654437494883    0.200000
8733    6.379074205649817    0.200000
8759    6.176711363247631    0.200000
8785    5.970173299175993    0.200000
8810    5.7677715231670845    0.200000
8835    5.561765077705264    0.200000
8859    5.360727107193363    0.200000
8883    5.156601506078258    0.200000
8907    4.9495058450626175    0.200000
8930    4.748362519873872    0.200000
8953    4.54470742164237    0.200000
8976    4.33864827916589    0.200000
8999    4.1302940929256025    0.200000
9021    3.9289528725423333    0.200000
9043    3.725710115665932    0.200000
9065    3.5206641878231864    0.200000
9087    3.3139143272404854    0.200000
9109    3.1055605968143825    0.200000
9130    2.905273953469072    0.200000
9151    2.703706131394655    0.200000
9172    2.500946018733922    0.200000
9193    2.2970830294105546    0.200000
9214    2.092207063698903    0.200000
9235    1.8864084685795566    0.200000
9256    1.67977799789765    0.200000
9277    1.4724067723420298    0.200000
9298    1.2643862392623668    0.200000
9319    1.0558081323424797    0.200000
9340    0.8467644311472141    0.200000
9361    0.6373473205608926    0.200000
9382    0.4276491501353985    0.200000
9403    0.21776239336537775    0.200000
9424    0.00777960690906943    0.200000
9445    -0.20220661022782327    0.200000
9466    -0.4121036575266515    0.200000
9487    -0.621818973791291    0.200000
9508    -0.8312600779659874    0.200000
9529    -1.0403346099181447    0.200000
9550    -1.2489503711675232    0.200000
9571    -1.457015365544328    0.200000
9592    -1.6644378397580821    0.200000
9613    -1.8711263238592168    0.200000
9634    -2.0769896715759777    0.200000
9655    -2.2819371005083138    0.200000
9676    -2.4858782321615833    0.200000
9697    -2.688723131801867    0.200000
9718    -2.890382348115867    0.200000
9739    -3.0907669526573627    0.200000
9761    -3.299230305462211    0.200000
9783    -3.506096895203568    0.200000
9805    -3.7112666024902285    0.200000
9827    -3.914640129188987    0.200000
9849    -4.11611904648298    0.200000
9872    -4.324624522754491    0.200000
9895    -4.530842373502292    0.200000
9918    -4.734663514292268    0.200000
9941    -4.935980128493999    0.200000
9965    -5.143264239534373    0.200000
9989    -5.34758597257103    0.200000
