1    0.009999998333333418    1.000000
102    1.018232239839455    1.000000
204    2.0258799729986383    1.000000
308    3.031533604563804    1.000000
415    4.0318993038562665    1.000000
528    5.038067171478813    1.000000
649    6.043900194769935    1.000000
782    7.046998387701808    1.000000
936    8.05192494139868    1.000000
1132    9.052636996020306    1.000000
2206    8.049508654104502    1.000000
2360    7.044107657701761    1.000000
2493    6.040654411065288    1.000000
2614    5.034548028449505    1.000000
2727    4.028171275969871    1.000000
2834    3.0276515790176237    1.000000
2938    2.0218908080272406    1.000000
3040    1.0141798631660186    1.000000
3141    0.005926535550994538    1.000000
3242    -1.0023871972775187    1.000000
3344    -2.0102811259854754    1.000000
3448    -3.016352704668415    1.000000
3555    -4.017319563541812    1.000000
3668    -5.024303184575523    1.000000
3789    -6.031204045444585    1.000000
3922    -7.03568948922116    1.000000
4075    -8.036523110124882    1.000000
4270    -9.037315213503055    1.000000
5350    -8.035201558521559    1.000000
5503    -7.034111445074467    1.000000
5636    -6.029432800507544    1.000000
5757    -5.022383270239574    1.000000
5870    -4.015286124062146    1.000000
5977    -3.014235656367356    1.000000
6081    -2.0081060124020675    1.000000
6183    -1.0001779634724017    1.000000
6284    0.008146927302914182    1.000000
6385    1.0163887818965047    1.000000
6487    2.0240652916117217    1.000000
6591    3.0297676829848905    1.000000
6698    4.030203458397338    1.000000
6811    5.036466371159646    1.000000
6932    6.042423769858087    1.000000
7065    7.045683501977706    1.000000
7219    8.050825906510473    1.000000
7415    9.051849562800653    1.000000
8489    8.050608020243185    1.000000
8643    7.04542283331841    1.000000
8776    6.042131084589444    1.000000
8897    5.036149035989883    1.000000
9010    4.029867287246478    1.000000
9117    3.0294176252505247    1.000000
9221    2.0237055726878634    1.000000
9323    1.016023362921233    1.000000
9424    0.00777960690906943    1.000000
9525    -1.0005434414337087    1.000000
9627    -2.008465849269861    1.000000
9731    -3.0145858908931804    1.000000
9838    -4.015622530549387    1.000000
9951    -5.022700899637963    1.000000
